42 
89 
17 
63
5 
74 
28 
10 
56 
3 
91 
68 
19 
82 
37 
50 
7 
95 
71 
23 
14 
48 
76 
60 
31 
99 
12 
78 
45 
26 
92 
67 
1 
55 
84 
41 
70 
47 
21 
75 
30 
93 
66 
2 
87 
58 
16 
52 
9 
80 
64 
24 
39 
85 
72 
34 
4 
77 
62 
88 
49 
13 
79 
29 
94 
6 
65 
54 
40 
73 
83 
20 
46 
27 
81 
69 
96 
11 
86 
57 
15 
51 
90 
61 
8 
97 
18 
22 
53 
59 
98 
43 
25 
74 
32 
35 
76 
100 
33 
57
28
93
44
11
42
75
36
49
84
19
67
31
54
89
22
64
7
98
73
87
46
40
81
15
25
52
91
3
70
60
38
96
10
78
63
45
13
51
17
82
58
85
27
95
5
62
72
34
88
47
16
80
48
20
68
37
99
66
9
76
44
12
83
50
18
86
55
24
92
61
4
71
33
90
59
2
74
41
14
79
39
97
65
8
77
43
21
69
35
94
53
26
1
235
344
690
21
239
99
100
37
14
92
55
23
81
48
19
67
30
98
62
8
76
42
11
89
52
25
93
59
4
72
34
87
46
16
84
50
21
99
65
1
70
39
96
63
7
74
40
9
78
44
13
82
49
18
86
54
27
95
61
3
71
36
88
47
15
83
51
22
90
57
28
97
64
29
6
73
38
10
79
45
12
80
41
17
85
53
26
94
60
2
69
35
91
58
5
77
43
20
68
33
109
27
123
573
220
481
401
390
42
17
89
63
5
72
31
98
54
76
23
10
81
47
84
60
93
14
67
38
50
95
8
70
29
3
66
41
19
91
12
78
36
99
45
68
25
87
1
74
33
96
21
83
52
7
64
30
88
4
65
71
92
24
15
69
39
51
97
9
73
32
85
43
2
20
10
90
13
79
37
49
94
6
75
34
22
11
86
80
48
61
28
82
53
16
77
35
44
18
62
40
55
26
89
462
32
490
11
41 
14 
69 
30 
93 
51 
6 
87 
82 
19
49
16
51
83
92
23
71
64
32
98
85
37
19
62
56
97
28
87
46
10
54
70
94
67
9
21
53
82
30
45
17
58
91
39
69
27
84
74
12
43
80
63
11
90
76
38
22
42
96
25
6
36
86
52
77
4
99
14
5
81
47
20
79
89
57
95
18
41
60
65
34
73
13
50
33
93
61
29
88
40
72
44
26
68
15
78
35
75
59
48
42 
89 
17 
63
5 
74 
28 
10 
56 
3 
91 
68 
19 
82 
37 
50 
7 
95 
71 
23 
14 
48 
76 
60 
31 
99 
12 
78 
45 
26 
92 
67 
1 
55 
84 
41 
70 
47 
21 
75 
30 
93 
66 
2 
87 
58 
16 
52 
9 
80 
64 
24 
39 
85 
72 
34 
4 
77 
62 
88 
49 
13 
79 
29 
94 
6 
65 
54 
40 
73 
83 
20 
46 
27 
81 
69 
96 
11 
86 
57 
15 
51 
90 
61 
8 
97 
18 
22 
53 
59 
98 
43 
25 
74 
32 
35 
76 
100 
33 
57
28
93
44
11
42
75
36
49
84
19
67
31
54
89
22
64
7
98
73
87
46
40
81
15
25
52
91
3
70
60
38
96
10
78
63
45
13
51
17
82
58
85
27
95
5
62
72
34
88
47
16
80
48
20
68
37
99
66
9
76
44
12
83
50
18
86
55
24
92
61
4
71
33
90
59
2
74
41
14
79
39
97
65
8
77
43
21
69
35
94
53
26
1
235
344
690
21
239
99
100
37
14
92
55
23
81
48
19
67
30
98
62
8
76
42
11
89
52
25
93
59
4
72
34
87
46
16
84
50
21
99
65
1
70
39
96
63
7
74
40
9
78
44
13
82
49
18
86
54
27
95
61
3
71
36
88
47
15
83
51
22
90
57
28
97
64
29
6
73
38
10
79
45
12
80
41
17
85
53
26
94
60
2
69
35
91
58
5
77
43
20
68
33
109
27
123
573
220
481
401
390
42
17
89
63
5
72
31
98
54
76
23
10
81
47
84
60
93
14
67
38
50
95
8
70
29
3
66
41
19
91
12
78
36
99
45
68
25
87
1
74
33
96
21
83
52
7
64
30
88
4
65
71
92
24
15
69
39
51
97
9
73
32
85
43
2
20
10
90
13
79
37
49
94
6
75
34
22
11
86
80
48
61
28
82
53
16
77
35
44
18
62
40
55
26
89
462
32
490
11
41 
14 
69 
30 
93 
51 
6 
87 
82 
19
49
16
51
83
92
23
71
64
32
98
85
37
19
62
56
97
28
87
46
10
54
70
94
67
9
21
53
82
30
45
17
58
91
39
69
27
84
74
12
43
80
63
11
90
76
38
22
42
96
25
6
36
86
52
77
4
99
14
5
81
47
20
79
89
57
95
18
41
60
65
34
73
13
50
33
93
61
29
88
40
72
44
26
68
15
78
35
75
59
48
42 
89 
17 
63
5 
74 
28 
10 
56 
3 
91 
68 
19 
82 
37 
50 
7 
95 
71 
23 
14 
48 
76 
60 
31 
99 
12 
78 
45 
26 
92 
67 
1 
55 
84 
41 
70 
47 
21 
75 
30 
93 
66 
2 
87 
58 
16 
52 
9 
80 
64 
24 
39 
85 
72 
34 
4 
77 
62 
88 
49 
13 
79 
29 
94 
6 
65 
54 
40 
73 
83 
20 
46 
27 
81 
69 
96 
11 
86 
57 
15 
51 
90 
61 
8 
97 
18 
22 
53 
59 
98 
43 
25 
74 
32 
35 
76 
100 
33 
57
28
93
44
11
42
75
36
49
84
19
67
31
54
89
22
64
7
98
73
87
46
40
81
15
25
52
91
3
70
60
38
96
10
78
63
45
13
51
17
82
58
85
27
95
5
62
72
34
88
47
16
80
48
20
68
37
99
66
9
76
44
12
83
50
18
86
55
24
92
61
4
71
33
90
59
2
74
41
14
79
39
97
65
8
77
43
21
69
35
94
53
26
1
235
344
690
21
239
99
100
37
14
92
55
23
81
48
19
67
30
98
62
8
76
42
11
89
52
25
93
59
4
72
34
87
46
16
84
50
21
99
65
1
70
39
96
63
7
74
40
9
78
44
13
82
49
18
86
54
27
95
61
3
71
36
88
47
15
83
51
22
90
57
28
97
64
29
6
73
38
10
79
45
12
80
41
17
85
53
26
94
60
2
69
35
91
58
5
77
43
20
68
33
109
27
123
573
220
481
401
390
42
17
89
63
5
72
31
98
54
76
23
10
81
47
84
60
93
14
67
38
50
95
8
70
29
3
66
41
19
91
12
78
36
99
45
68
25
87
1
74
33
96
21
83
52
7
64
30
88
4
65
71
92
24
15
69
39
51
97
9
73
32
85
43
2
20
10
90
13
79
37
49
94
6
75
34
22
11
86
80
48
61
28
82
53
16
77
35
44
18
62
40
55
26
89
462
32
490
11
41 
14 
69 
30 
93 
51 
6 
87 
82 
19
49
16
51
83
92
23
71
64
32
98
85
37
19
62
56
97
28
87
46
10
54
70
94
67
9
21
53
82
30
45
17
58
91
39
69
27
84
74
12
43
80
63
11
90
76
38
22
42
96
25
6
36
86
52
77
4
99
14
5
81
47
20
79
89
57
95
18
41
60
65
34
73
13
50
33
93
61
29
88
40
72
44
26
68
15
78
35
75
59
48
42 
89 
17 
63
5 
74 
28 
10 
56 
3 
91 
68 
19 
82 
37 
50 
7 
95 
71 
23 
14 
48 
76 
60 
31 
99 
12 
78 
45 
26 
92 
67 
1 
55 
84 
41 
70 
47 
21 
75 
30 
93 
66 
2 
87 
58 
16 
52 
9 
80 
64 
24 
39 
85 
72 
34 
4 
77 
62 
88 
49 
13 
79 
29 
94 
6 
65 
54 
40 
73 
83 
20 
46 
27 
81 
69 
96 
11 
86 
57 
15 
51 
90 
61 
8 
97 
18 
22 
53 
59 
98 
43 
25 
74 
32 
35 
76 
100 
33 
57
28
93
44
11
42
75
36
49
84
19
67
31
54
89
22
64
7
98
73
87
46
40
81
15
25
52
91
3
70
60
38
96
10
78
63
45
13
51
17
82
58
85
27
95
5
62
72
34
88
47
16
80
48
20
68
37
99
66
9
76
44
12
83
50
18
86
55
24
92
61
4
71
33
90
59
2
74
41
14
79
39
97
65
8
77
43
21
69
35
94
53
26
1
235
344
690
21
239
99
100
37
14
92
55
23
81
48
19
67
30
98
62
8
76
42
11
89
52
25
93
59
4
72
34
87
46
16
84
50
21
99
65
1
70
39
96
63
7
74
40
9
78
44
13
82
49
18
86
54
27
95
61
3
71
36
88
47
15
83
51
22
90
57
28
97
64
29
6
73
38
10
79
45
12
80
41
17
85
53
26
94
60
2
69
35
91
58
5
77
43
20
68
33
109
27
123
573
220
481
401
390
42
17
89
63
5
72
31
98
54
76
23
10
81
47
84
60
93
14
67
38
50
95
8
70
29
3
66
41
19
91
12
78
36
99
45
68
25
87
1
74
33
96
21
83
52
7
64
30
88
4
65
71
92
24
15
69
39
51
97
9
73
32
85
43
2
20
10
90
13
79
37
49
94
6
75
34
22
11
86
80
48
61
28
82
53
16
77
35
44
18
62
40
55
26
89
462
32
490
11
41 
14 
69 
30 
93 
51 
6 
87 
82 
19
49
16
51
83
92
23
71
64
32
98
85
37
19
62
56
97
28
87
46
10
54
70
94
67
9
21
53
82
30
45
17
58
91
39
69
27
84
74
12
43
80
63
11
90
76
38
22
42
96
25
6
36
86
52
77
4
99
14
5
81
47
20
79
89
57
95
18
41
60
65
34
73
13
50
33
93
61
29
88
40
72
44
26
68
15
78
35
75
59
48
42 
89 
17 
63
5 
74 
28 
10 
56 
3 
91 
68 
19 
82 
37 
50 
7 
95 
71 
23 
14 
48 
76 
60 
31 
99 
12 
78 
45 
26 
92 
67 
1 
55 
84 
41 
70 
47 
21 
75 
30 
93 
66 
2 
87 
58 
16 
52 
9 
80 
64 
24 
39 
85 
72 
34 
4 
77 
62 
88 
49 
13 
79 
29 
94 
6 
65 
54 
40 
73 
83 
20 
46 
27 
81 
69 
96 
11 
86 
57 
15 
51 
90 
61 
8 
97 
18 
22 
53 
59 
98 
43 
25 
74 
32 
35 
76 
100 
33 
57
28
93
44
11
42
75
36
49
84
19
67
31
54
89
22
64
7
98
73
87
46
40
81
15
25
52
91
3
70
60
38
96
10
78
63
45
13
51
17
82
58
85
27
95
5
62
72
34
88
47
16
80
48
20
68
37
99
66
9
76
44
12
83
50
18
86
55
24
92
61
4
71
33
90
59
2
74
41
14
79
39
97
65
8
77
43
21
69
35
94
53
26
1
235
344
690
21
239
99
100
37
14
92
55
23
81
48
19
67
30
98
62
8
76
42
11
89
52
25
93
59
4
72
34
87
46
16
84
50
21
99
65
1
70
39
96
63
7
74
40
9
78
44
13
82
49
18
86
54
27
95
61
3
71
36
88
47
15
83
51
22
90
57
28
97
64
29
6
73
38
10
79
45
12
80
41
17
85
53
26
94
60
2
69
35
91
58
5
77
43
20
68
33
109
27
123
573
220
481
401
390
42
17
89
63
5
72
31
98
54
76
23
10
81
47
84
60
93
14
67
38
50
95
8
70
29
3
66
41
19
91
12
78
36
99
45
68
25
87
1
74
33
96
21
83
52
7
64
30
88
4
65
71
92
24
15
69
39
51
97
9
73
32
85
43
2
20
10
90
13
79
37
49
94
6
75
34
22
11
86
80
48
61
28
82
53
16
77
35
44
18
62
40
55
26
89
462
32
490
11
41 
14 
69 
30 
93 
51 
6 
87 
82 
19
49
16
51
83
92
23
71
64
32
98
85
37
19
62
56
97
28
87
46
10
54
70
94
67
9
21
53
82
30
45
17
58
91
39
69
27
84
74
12
43
80
63
11
90
76
38
22
42
96
25
6
36
86
52
77
4
99
14
5
81
47
20
79
89
57
95
18
41
60
65
34
73
13
50
33
93
61
29
88
40
72
44
26
68
15
78
35
75
59
48
42 
89 
17 
63
5 
74 
28 
10 
56 
3 
91 
68 
19 
82 
37 
50 
7 
95 
71 
23 
14 
48 
76 
60 
31 
99 
12 
78 
45 
26 
92 
67 
1 
55 
84 
41 
70 
47 
21 
75 
30 
93 
66 
2 
87 
58 
16 
52 
9 
80 
64 
24 
39 
85 
72 
34 
4 
77 
62 
88 
49 
13 
79 
29 
94 
6 
65 
54 
40 
73 
83 
20 
46 
27 
81 
69 
96 
11 
86 
57 
15 
51 
90 
61 
8 
97 
18 
22 
53 
59 
98 
43 
25 
74 
32 
35 
76 
100 
33 
57
28
93
44
11
42
75
36
49
84
19
67
31
54
89
22
64
7
98
73
87
46
40
81
15
25
52
91
3
70
60
38
96
10
78
63
45
13
51
17
82
58
85
27
95
5
62
72
34
88
47
16
80
48
20
68
37
99
66
9
76
44
12
83
50
18
86
55
24
92
61
4
71
33
90
59
2
74
41
14
79
39
97
65
8
77
43
21
69
35
94
53
26
1
235
344
690
21
239
99
100
37
14
92
55
23
81
48
19
67
30
98
62
8
76
42
11
89
52
25
93
59
4
72
34
87
46
16
84
50
21
99
65
1
70
39
96
63
7
74
40
9
78
44
13
82
49
18
86
54
27
95
61
3
71
36
88
47
15
83
51
22
90
57
28
97
64
29
6
73
38
10
79
45
12
80
41
17
85
53
26
94
60
2
69
35
91
58
5
77
43
20
68
33
109
27
123
573
220
481
401
390
42
17
89
63
5
72
31
98
54
76
23
10
81
47
84
60
93
14
67
38
50
95
8
70
29
3
66
41
19
91
12
78
36
99
45
68
25
87
1
74
33
96
21
83
52
7
64
30
88
4
65
71
92
24
15
69
39
51
97
9
73
32
85
43
2
20
10
90
13
79
37
49
94
6
75
34
22
11
86
80
48
61
28
82
53
16
77
35
44
18
62
40
55
26
89
462
32
490
11
41 
14 
69 
30 
93 
51 
6 
87 
82 
19
49
16
51
83
92
23
71
64
32
98
85
37
19
62
56
97
28
87
46
10
54
70
94
67
9
21
53
82
30
45
17
58
91
39
69
27
84
74
12
43
80
63
11
90
76
38
22
42
96
25
6
36
86
52
77
4
99
14
5
81
47
20
79
89
57
95
18
41
60
65
34
73
13
50
33
93
61
29
88
40
72
44
26
68
15
78
35
75
59
48
42 
89 
17 
5 
74 
28 
10 
56 
3 
91 
68 
19 
82 
37 
50 
7 
95 
71 
23 
14 
48 
76 
60 
31 
99 
12 
78 
45 
26 
92 
67 
1 
55 
84 
41 
70 
47 
21 
75 
30 
93 
66 
2 
87 
58 
16 
52 
9 
80 
64 
24 
39 
85 
72 
34 
4 
63
77 
62 
88 
49 
13 
79 
29 
94 
6 
65 
54 
40 
73 
83 
20 
46 
27 
81 
69 
96 
86 
57 
15 
51 
90 
61 
8 
97 
18 
22 
53 
59 
98 
43 
25 
74 
32 
35 
76 
100 
33 
57
28
93
44
11
42
75
36
49
84
11 
19
67
31
54
89
22
64
7
87
46
40
81
15
25
52
91
3
70
60
38
96
10
78
63
45
13
51
17
82
58
85
98
73
27
95
5
62
72
34
88
47
16
80
48
20
68
37
99
66
9
76
44
83
50
18
86
55
24
92
61
4
71
33
90
59
2
74
41
14
79
39
97
65
8
77
43
21
12
69
35
94
53
26
1
235
344
690
21
239
99
100
37
14
92
55
23
81
48
19
67
30
98
8
76
42
11
89
52
25
93
59
4
72
34
87
46
16
84
50
21
99
65
1
70
39
96
63
7
74
40
9
78
44
13
82
49
62
18
86
54
27
95
61
3
71
36
88
47
15
83
51
22
90
57
28
97
64
6
73
38
10
79
45
12
80
41
17
85
53
26
94
60
2
69
35
91
58
5
77
43
20
68
33
109
27
123
29
573
220
481
401
390
42
17
89
63
5
72
31
54
76
23
10
81
47
84
60
93
14
67
38
50
95
8
70
29
3
66
41
19
91
12
78
36
99
45
98
68
25
87
1
74
33
96
21
83
52
7
64
30
88
4
71
92
24
15
69
39
51
97
9
73
32
85
43
2
20
10
90
13
79
37
49
94
6
75
34
22
11
86
80
48
61
28
82
53
16
77
35
44
18
62
40
55
26
89
462
32
490
11
41 
14 
69 
30 
93 
51 
6 
87 
82 
19
49
16
51
83
92
23
71
64
32
98
85
37
19
62
56
97
28
87
46
10
54
70
94
67
9
21
53
82
30
45
65
17
58
91
39
69
27
84
74
12
43
80
63
11
90
76
38
22
42
25
96
6
36
86
52
77
4
99
14
5
81
47
20
79
89
57
95
18
41
60
65
34
73
13
50
33
93
61
29
88
40
72
44
26
68
15
78
35
75
59
48
42 
89 
17 
63
5 
74 
28 
10 
56 
3 
91 
68 
19 
82 
37 
50 
7 
95 
71 
23 
14 
48 
76 
60 
31 
99 
12 
78 
45 
26 
92 
67 
1 
55 
84 
41 
70 
47 
21 
75 
30 
93 
66 
2 
87 
58 
52 
9 
80 
64 
24 
39 
85 
72 
34 
4 
77 
62 
88 
49 
13 
79 
29 
94 
6 
65 
54 
40 
73 
83 
20 
46 
27 
81 
16 
69 
96 
11 
86 
57 
15 
51 
90 
61 
8 
97 
18 
22 
53 
59 
98 
43 
25 
74 
32 
35 
76 
100 
33 
57
28
93
44
11
42
75
36
49
84
19
67
31
54
89
22
64
7
98
73
87
46
40
81
15
25
52
91
3
70
60
38
96
10
78
63
45
13
51
17
82
58
85
27
95
5
62
72
34
88
47
16
80
48
20
68
37
99
66
9
76
44
12
83
50
18
86
55
24
92
61
4
71
33
90
59
2
74
41
14
79
39
97
65
8
77
43
21
69
35
94
53
26
1
235
344
690
21
239
99
100
37
14
92
55
23
81
48
19
67
30
98
62
8
76
42
11
89
52
25
93
59
4
72
34
87
46
16
84
50
21
99
65
1
70
39
96
63
7
74
40
9
78
44
13
82
49
18
86
54
27
95
61
3
71
36
88
47
15
83
51
22
90
57
28
97
64
29
6
73
38
10
79
45
12
80
41
17
85
53
26
94
60
2
69
35
91
58
5
77
43
20
68
33
109
27
123
573
220
481
401
390
42
17
89
63
5
72
31
98
54
76
23
10
81
47
84
60
93
14
67
38
50
95
8
70
29
3
66
41
19
91
12
78
36
99
45
68
25
87
1
74
33
96
21
83
52
7
64
30
88
4
65
71
92
24
15
69
39
51
97
9
73
32
85
43
2
20
10
90
13
79
37
49
94
6
75
34
22
11
86
80
48
61
28
82
53
16
77
35
44
18
62
40
55
26
89
462
32
490
11
41 
14 
69 
30 
93 
51 
6 
87 
82 
19
49
16
51
83
92
23
71
64
32
98
85
37
19
62
56
97
28
87
46
10
54
70
94
67
9
21
53
82
30
45
17
58
91
39
69
27
84
74
12
43
80
63
11
90
76
38
22
42
96
25
6
36
86
52
77
4
99
14
5
81
47
20
79
89
57
95
18
41
60
65
34
73
13
50
33
93
61
29
88
40
72
44
26
68
15
78
35
75
59
48
42 
89 
17 
63
5 
74 
28 
10 
56 
3 
91 
68 
19 
82 
37 
50 
7 
95 
71 
23 
14 
48 
76 
60 
31 
99 
12 
78 
45 
26 
92 
67 
1 
55 
84 
41 
70 
47 
21 
75 
30 
93 
66 
2 
87 
58 
16 
52 
9 
80 
64 
24 
39 
85 
72 
34 
4 
77 
62 
88 
49 
13 
79 
29 
94 
6 
65 
54 
40 
73 
83 
20 
46 
27 
81 
69 
96 
11 
86 
57 
15 
51 
90 
61 
8 
97 
18 
22 
53 
59 
98 
43 
25 
74 
32 
35 
76 
100 
33 
57
28
93
44
11
42
75
36
49
84
19
67
31
54
89
22
64
7
98
73
87
46
40
81
15
25
52
91
3
70
60
38
96
10
78
63
45
13
51
17
82
58
85
27
95
5
62
72
34
88
47
16
80
48
20
68
37
99
66
9
76
44
12
83
50
18
86
55
24
92
61
4
71
33
90
59
2
74
41
14
79
39
97
65
8
77
43
21
69
35
94
53
26
1
235
344
690
21
239
99
100
37
14
92
55
23
81
48
19
67
30
98
62
8
76
42
11
89
52
25
93
59
4
72
34
87
46
16
84
50
21
99
65
1
70
39
96
63
7
74
40
9
78
44
13
82
49
18
86
54
27
95
61
3
71
36
88
47
15
83
51
22
90
57
28
97
64
29
6
73
38
10
79
45
12
80
41
17
85
53
26
94
60
2
69
35
91
58
5
77
43
20
68
33
109
27
123
573
220
481
401
390
42
17
89
63
5
72
31
98
54
76
23
10
81
47
84
60
93
14
67
38
50
95
8
70
29
3
66
41
19
91
12
78
36
99
45
68
25
87
1
74
33
96
21
83
52
7
64
30
88
4
65
71
92
24
15
69
39
51
97
9
73
32
85
43
2
20
10
90
13
79
37
49
94
6
75
34
22
11
86
80
48
61
28
82
53
16
77
35
44
18
62
40
55
26
89
462
32
490
11
41 
14 
69 
30 
93 
51 
6 
87 
82 
19
49
16
51
83
92
23
71
64
32
98
85
37
19
62
56
97
28
87
46
10
54
70
94
67
9
21
53
82
30
45
17
58
91
39
69
27
84
74
12
43
80
63
11
90
76
38
22
42
96
25
6
36
86
52
77
4
99
14
5
81
47
20
79
89
57
95
18
41
60
65
34
73
13
50
33
93
61
29
88
40
72
44
26
68
15
78
35
75
59
48
42 
89 
17 
63
5 
74 
28 
10 
56 
3 
91 
68 
19 
82 
37 
50 
7 
95 
71 
23 
14 
48 
76 
60 
31 
99 
12 
78 
45 
26 
92 
67 
1 
55 
84 
41 
70 
47 
21 
75 
30 
93 
66 
2 
87 
58 
16 
52 
9 
80 
64 
24 
39 
85 
72 
34 
4 
77 
62 
88 
49 
13 
79 
29 
94 
6 
65 
54 
40 
73 
83 
20 
46 
27 
81 
69 
96 
11 
86 
57 
15 
51 
90 
61 
8 
97 
18 
22 
53 
59 
98 
43 
25 
74 
32 
35 
76 
100 
33 
57
28
93
44
11
42
75
36
49
84
19
67
31
54
89
22
64
7
98
73
87
46
40
81
15
25
52
91
3
70
60
38
96
10
78
63
45
13
51
17
82
58
85
27
95
5
62
72
34
88
47
16
80
48
20
68
37
99
66
9
76
44
12
83
50
18
86
55
24
92
61
4
71
33
90
59
2
74
41
14
79
39
97
65
8
77
43
21
69
35
94
53
26
1
235
344
690
21
239
99
100
37
14
92
55
23
81
48
19
67
30
98
62
8
76
42
11
89
52
25
93
59
4
72
34
87
46
16
84
50
21
99
65
1
70
39
96
63
7
74
40
9
78
44
13
82
49
18
86
54
27
95
61
3
71
36
88
47
15
83
51
22
90
57
28
97
64
29
6
73
38
10
79
45
12
80
41
17
85
53
26
94
60
2
69
35
91
58
5
77
43
20
68
33
109
27
123
573
220
481
401
390
42
17
89
63
5
72
31
98
54
76
23
10
81
47
84
60
93
14
67
38
50
95
8
70
29
3
66
41
19
91
12
78
36
99
45
68
25
87
1
74
33
96
21
83
52
7
64
30
88
4
65
71
92
24
15
69
39
51
97
9
73
32
85
43
2
20
10
90
13
79
37
49
94
6
75
34
22
11
86
80
48
61
28
82
53
16
77
35
44
18
62
40
55
26
89
462
32
490
11
41 
14 
69 
30 
93 
51 
6 
87 
82 
19
49
16
51
83
92
23
71
64
32
98
85
37
19
62
56
97
28
87
46
10
54
70
94
67
9
21
53
82
30
45
17
58
91
39
69
27
84
74
12
43
80
63
11
90
76
38
22
42
96
25
6
36
86
52
77
4
99
14
5
81
47
20
79
89
57
95
18
41
60
65
34
73
13
50
33
93
61
29
88
40
72
44
26
68
15
78
35
75
59
48
42 
89 
17 
63
5 
74 
28 
10 
56 
3 
91 
68 
19 
82 
37 
50 
7 
95 
71 
23 
14 
48 
76 
60 
31 
99 
12 
78 
45 
26 
92 
67 
1 
55 
84 
41 
70 
47 
21 
75 
30 
93 
66 
2 
87 
58 
16 
52 
9 
80 
64 
24 
39 
85 
72 
34 
4 
77 
62 
88 
49 
13 
79 
29 
94 
6 
65 
54 
40 
73 
83 
20 
46 
27 
81 
69 
96 
11 
86 
57 
15 
51 
90 
61 
8 
97 
18 
22 
53 
59 
98 
43 
25 
74 
32 
35 
76 
100 
33 
57
28
93
44
11
42
75
36
49
84
19
67
31
54
89
22
64
7
98
73
87
46
40
81
15
25
52
91
3
70
60
38
96
10
78
63
45
13
51
17
82
58
85
27
95
5
62
72
34
88
47
16
80
48
20
68
37
99
66
9
76
44
12
83
50
18
86
55
24
92
61
4
71
33
90
59
2
74
41
14
79
39
97
65
8
77
43
21
69
35
94
53
26
1
235
344
690
21
239
99
100
37
14
92
55
23
81
48
19
67
30
98
62
8
76
42
11
89
52
25
93
59
4
72
34
87
46
16
84
50
21
99
65
1
70
39
96
63
7
74
40
9
78
44
13
82
49
18
86
54
27
95
61
3
71
36
88
47
15
83
51
22
90
57
28
97
64
29
6
73
38
10
79
45
12
80
41
17
85
53
26
94
60
2
69
35
91
58
5
77
43
20
68
33
109
27
123
573
220
481
401
390
42
17
89
63
5
72
31
98
54
76
23
10
81
47
84
60
93
14
67
38
50
95
8
70
29
3
66
41
19
91
12
78
36
99
45
68
25
87
1
74
33
96
21
83
52
7
64
30
88
4
65
71
92
24
15
69
39
51
97
9
73
32
85
43
2
20
10
90
13
79
37
49
94
6
75
34
22
11
86
80
48
61
28
82
53
16
77
35
44
18
62
40
55
26
89
462
32
490
11
41 
14 
69 
30 
93 
51 
6 
87 
82 
19
49
16
51
83
92
23
71
64
32
98
85
37
19
62
56
97
28
87
46
10
54
70
94
67
9
21
53
82
30
45
17
58
91
39
69
27
84
74
12
43
80
63
11
90
76
38
22
42
96
25
6
36
86
52
77
4
99
14
5
81
47
20
79
89
57
95
18
41
60
65
34
73
13
50
33
93
61
29
88
40
72
44
26
68
15
78
35
75
59
48
42 
89 
17 
63
5 
74 
28 
10 
56 
3 
91 
68 
19 
82 
37 
50 
7 
95 
71 
23 
14 
48 
76 
60 
31 
99 
12 
78 
45 
26 
92 
67 
1 
55 
84 
41 
70 
47 
21 
75 
30 
93 
66 
2 
87 
58 
16 
52 
9 
80 
64 
24 
39 
85 
72 
34 
4 
77 
62 
88 
49 
13 
79 
29 
94 
6 
65 
54 
40 
73 
83 
20 
46 
27 
81 
69 
96 
11 
86 
57 
15 
51 
90 
61 
8 
97 
18 
22 
53 
59 
98 
43 
25 
74 
32 
35 
76 
100 
33 
57
28
93
44
11
42
75
36
49
84
19
67
31
54
89
22
64
7
98
73
87
46
40
81
15
25
52
91
3
70
60
38
96
10
78
63
45
13
51
17
82
58
85
27
95
5
62
72
34
88
47
16
80
48
20
68
37
99
66
9
76
44
12
83
50
18
86
55
24
92
61
4
71
33
90
59
2
74
41
14
79
39
97
65
8
77
43
21
69
35
94
53
26
1
235
344
690
21
239
99
100
37
14
92
55
23
81
48
19
67
30
98
62
8
76
42
11
89
52
25
93
59
4
72
34
87
46
16
84
50
21
99
65
1
70
39
96
63
7
74
40
9
78
44
13
82
49
18
86
54
27
95
61
3
71
36
88
47
15
83
51
22
90
57
28
97
64
29
6
73
38
10
79
45
12
80
41
17
85
53
26
94
60
2
69
35
91
58
5
77
43
20
68
33
109
27
123
573
220
481
401
390
42
17
89
63
5
72
31
98
54
76
23
10
81
47
84
60
93
14
67
38
50
95
8
70
29
3
66
41
19
91
12
78
36
99
45
68
25
87
1
74
33
96
21
83
52
7
64
30
88
4
65
71
92
24
15
69
39
51
97
9
73
32
85
43
2
20
10
90
13
79
37
49
94
6
75
34
22
11
86
80
48
61
28
82
53
16
77
35
44
18
62
40
55
26
89
462
32
490
11
41 
14 
69 
30 
93 
51 
6 
87 
82 
19
49
16
51
83
92
23
71
64
32
98
85
37
19
62
56
97
28
87
46
10
54
70
94
67
9
21
53
82
30
45
17
58
91
39
69
27
84
74
12
43
80
63
11
90
76
38
22
42
96
25
6
36
86
52
77
4
99
14
5
81
47
20
79
89
57
95
18
41
60
65
34
73
13
50
33
93
61
29
88
40
72
44
26
68
15
78
35
75
59
48
42 
89 
17 
63
5 
74 
28 
10 
56 
3 
91 
68 
19 
82 
37 
50 
7 
95 
71 
23 
14 
48 
76 
60 
31 
99 
12 
78 
45 
26 
92 
67 
1 
55 
84 
41 
70 
47 
21 
75 
30 
93 
66 
2 
87 
58 
16 
52 
9 
80 
64 
24 
39 
85 
72 
34 
4 
77 
62 
88 
49 
13 
79 
29 
94 
6 
65 
54 
40 
73 
83 
20 
46 
27 
81 
69 
96 
11 
86 
57 
15 
51 
90 
61 
8 
97 
18 
22 
53 
59 
98 
43 
25 
74 
32 
35 
76 
100 
33 
57
28
93
44
11
42
75
36
49
84
19
67
31
54
89
22
64
7
98
73
87
46
40
81
15
25
52
91
3
70
60
38
96
10
78
63
45
13
51
17
82
58
85
27
95
5
62
72
34
88
47
16
80
48
20
68
37
99
66
9
76
44
12
83
50
18
86
55
24
92
61
4
71
33
90
59
2
74
41
14
79
39
97
65
8
77
43
21
69
35
94
53
26
1
235
344
690
21
239
99
100
37
14
92
55
23
81
48
19
67
30
98
62
8
76
42
11
89
52
25
93
59
4
72
34
87
46
16
84
50
21
99
65
1
70
39
96
63
7
74
40
9
78
44
13
82
49
18
86
54
27
95
61
3
71
36
88
47
15
83
51
22
90
57
28
97
64
29
6
73
38
10
79
45
12
80
41
17
85
53
26
94
60
2
69
35
91
58
5
77
43
20
68
33
109
27
123
573
220
481
401
390
42
17
89
63
5
72
31
98
54
76
23
10
81
47
84
60
93
14
67
38
50
95
8
70
29
3
66
41
19
91
12
78
36
99
45
68
25
87
1
74
33
96
21
83
52
7
64
30
88
4
65
71
92
24
15
69
39
51
97
9
73
32
85
43
2
20
10
90
13
79
37
49
94
6
75
34
22
11
86
80
48
61
28
82
53
16
77
35
44
18
62
40
55
26
89
462
32
490
11
41 
14 
69 
30 
93 
51 
6 
87 
82 
19
49
16
51
83
92
23
71
64
32
98
85
37
19
62
56
97
28
87
46
10
54
70
94
67
9
21
53
82
30
45
17
58
91
39
69
27
84
74
12
43
80
63
11
90
76
38
22
42
96
25
6
36
86
52
77
4
99
14
5
81
47
20
79
89
57
95
18
41
60
65
34
73
13
50
33
93
61
29
88
40
72
44
26
68
15
78
35
75
59
48
42 
89 
17 
63
5 
74 
28 
10 
56 
3 
91 
68 
19 
82 
37 
50 
7 
95 
71 
23 
14 
48 
76 
60 
31 
99 
12 
78 
45 
26 
92 
67 
1 
55 
84 
41 
70 
47 
21 
75 
30 
93 
66 
2 
87 
58 
16 
52 
9 
80 
64 
24 
39 
85 
72 
34 
4 
77 
62 
88 
49 
13 
79 
29 
94 
6 
65 
54 
40 
73 
83 
20 
46 
27 
81 
69 
96 
11 
86 
57 
15 
51 
90 
61 
8 
97 
18 
22 
53 
59 
98 
43 
25 
74 
32 
35 
76 
100 
33 
57
28
93
44
11
42
75
36
49
84
19
67
31
54
89
22
64
7
98
73
87
46
40
81
15
25
52
91
3
70
60
38
96
10
78
63
45
13
51
17
82
58
85
27
95
5
62
72
34
88
47
16
80
48
20
68
37
99
66
9
76
44
12
83
50
18
86
55
24
92
61
4
71
33
90
59
2
74
41
14
79
39
97
65
8
77
43
21
69
35
94
53
26
1
235
344
690
21
239
99
100
37
14
92
55
23
81
48
19
67
30
98
62
8
76
42
11
89
52
25
93
59
4
72
34
87
46
16
84
50
21
99
65
1
70
39
96
63
7
74
40
9
78
44
13
82
49
18
86
54
27
95
61
3
71
36
88
47
15
83
51
22
90
57
28
97
64
29
6
73
38
10
79
45
12
80
41
17
85
53
26
94
60
2
69
35
91
58
5
77
43
20
68
33
109
27
123
573
220
481
401
390
42
17
89
63
5
72
31
98
54
76
23
10
81
47
84
60
93
14
67
38
50
95
8
70
29
3
66
41
19
91
12
78
36
99
45
68
25
87
1
74
33
96
21
83
52
7
64
30
88
4
65
71
92
24
15
69
39
51
97
9
73
32
85
43
2
20
10
90
13
79
37
49
94
6
75
34
22
11
86
80
48
61
28
82
53
16
77
35
44
18
62
40
55
26
89
462
32
490
11
41 
14 
69 
30 
93 
51 
6 
87 
82 
19
49
16
51
83
92
23
71
64
32
98
85
37
19
62
56
97
28
87
46
10
54
70
94
67
9
21
53
82
30
45
17
58
91
39
69
27
84
74
12
43
80
63
11
90
76
38
22
42
96
25
6
36
86
52
77
4
99
14
5
81
47
20
79
89
57
95
18
41
60
65
34
73
13
50
33
93
61
29
88
40
72
44
26
68
15
78
35
75
59
48
42 
89 
17 
63
5 
74 
28 
10 
56 
3 
91 
68 
19 
82 
37 
50 
7 
95 
71 
23 
14 
48 
76 
60 
31 
99 
12 
78 
45 
26 
92 
67 
1 
55 
84 
41 
70 
47 
21 
75 
30 
93 
66 
2 
87 
58 
16 
52 
9 
80 
64 
24 
39 
85 
72 
34 
4 
77 
62 
88 
49 
13 
79 
29 
94 
6 
65 
54 
40 
73 
83 
20 
46 
27 
81 
69 
96 
11 
86 
57 
15 
51 
90 
61 
8 
97 
18 
22 
53 
59 
98 
43 
25 
74 
32 
35 
76 
100 
33 
57
28
93
44
11
42
75
36
49
84
19
67
31
54
89
22
64
7
98
73
87
46
40
81
15
25
52
91
3
70
60
38
96
10
78
63
45
13
51
17
82
58
85
27
95
5
62
72
34
88
47
16
80
48
20
68
37
99
66
9
76
44
12
83
50
18
86
55
24
92
61
4
71
33
90
59
2
74
41
14
79
39
97
65
8
77
43
21
69
35
94
53
26
1
235
344
690
21
239
99
100
37
14
92
55
23
81
48
19
67
30
98
62
8
76
42
11
89
52
25
93
59
4
72
34
87
46
16
84
50
21
99
65
1
70
39
96
63
7
74
40
9
78
44
13
82
49
18
86
54
27
95
61
3
71
36
88
47
15
83
51
22
90
57
28
97
64
29
6
73
38
10
79
45
12
80
41
17
85
53
26
94
60
2
69
35
91
58
5
77
43
20
68
33
109
27
123
573
220
481
401
390
42
17
89
63
5
72
31
98
54
76
23
10
81
47
84
60
93
14
67
38
50
95
8
70
29
3
66
41
19
91
12
78
36
99
45
68
25
87
1
74
33
96
21
83
52
7
64
30
88
4
65
71
92
24
15
69
39
51
97
9
73
32
85
43
2
20
10
90
13
79
37
49
94
6
75
34
22
11
86
80
48
61
28
82
53
16
77
35
44
18
62
40
55
26
89
462
32
490
11
41 
14 
69 
30 
93 
51 
6 
87 
82 
19
49
16
51
83
92
23
71
64
32
98
85
37
19
62
56
97
28
87
46
10
54
70
94
67
9
21
53
82
30
45
17
58
91
39
69
27
84
74
12
43
80
63
11
90
76
38
22
42
96
25
6
36
86
52
77
4
99
14
5
81
47
20
79
89
57
95
18
41
60
65
34
73
13
50
33
93
61
29
88
40
72
44
26
68
15
78
35
75
59
48
42 
89 
17 
63
5 
74 
28 
10 
56 
3 
91 
68 
19 
82 
37 
50 
7 
95 
71 
23 
14 
48 
76 
60 
31 
99 
12 
78 
45 
26 
92 
67 
1 
55 
84 
41 
70 
47 
21 
75 
30 
93 
66 
2 
87 
58 
16 
52 
9 
80 
64 
24 
39 
85 
72 
34 
4 
77 
62 
88 
49 
13 
79 
29 
94 
6 
65 
54 
40 
73 
83 
20 
46 
27 
81 
69 
96 
11 
86 
57 
15 
51 
90 
61 
8 
97 
18 
22 
53 
59 
98 
43 
25 
74 
32 
35 
76 
100 
33 
57
28
93
44
11
42
75
36
49
84
19
67
31
54
89
22
64
7
98
73
87
46
40
81
15
25
52
91
3
70
60
38
96
10
78
63
45
13
51
17
82
58
85
27
95
5
62
72
34
88
47
16
80
48
20
68
37
99
66
9
76
44
12
83
50
18
86
55
24
92
61
4
71
33
90
59
2
74
41
14
79
39
97
65
8
77
43
21
69
35
94
53
26
1
235
344
690
21
239
99
100
37
14
92
55
23
81
48
19
67
30
98
62
8
76
42
11
89
52
25
93
59
4
72
34
87
46
16
84
50
21
99
65
1
70
39
96
63
7
74
40
9
78
44
13
82
49
18
86
54
27
95
61
3
71
36
88
47
15
83
51
22
90
57
28
97
64
29
6
73
38
10
79
45
12
80
41
17
85
53
26
94
60
2
69
35
91
58
5
77
43
20
68
33
109
27
123
573
220
481
401
390
42
17
89
63
5
72
31
98
54
76
23
10
81
47
84
60
93
14
67
38
50
95
8
70
29
3
66
41
19
91
12
78
36
99
45
68
25
87
1
74
33
96
21
83
52
7
64
30
88
4
65
71
92
24
15
69
39
51
97
9
73
32
85
43
2
20
10
90
13
79
37
49
94
6
75
34
22
11
86
80
48
61
28
82
53
16
77
35
44
18
62
40
55
26
89
462
32
490
11
41 
14 
69 
30 
93 
51 
6 
87 
82 
19
49
16
51
83
92
23
71
64
32
98
85
37
19
62
56
97
28
87
46
10
54
70
94
67
9
21
53
82
30
45
17
58
91
39
69
27
84
74
12
43
80
63
11
90
76
38
22
42
96
25
6
36
86
52
77
4
99
14
5
81
47
20
79
89
57
95
18
41
60
65
34
73
13
50
33
93
61
29
88
40
72
44
26
68
15
78
35
75
59
48
42 
89 
17 
63
5 
74 
28 
10 
56 
3 
91 
68 
19 
82 
37 
50 
7 
95 
71 
23 
14 
48 
76 
60 
31 
99 
12 
78 
45 
26 
92 
67 
1 
55 
84 
41 
70 
47 
21 
75 
30 
93 
66 
2 
87 
58 
16 
52 
9 
80 
64 
24 
39 
85 
72 
34 
4 
77 
62 
88 
49 
13 
79 
29 
94 
6 
65 
54 
40 
73 
83 
20 
46 
27 
81 
69 
96 
11 
86 
57 
15 
51 
90 
61 
8 
97 
18 
22 
53 
59 
98 
43 
25 
74 
32 
35 
76 
100 
33 
57
28
93
44
11
42
75
36
49
84
19
67
31
54
89
22
64
7
98
73
87
46
40
81
15
25
52
91
3
70
60
38
96
10
78
63
45
13
51
17
82
58
85
27
95
5
62
72
34
88
47
16
80
48
20
68
37
99
66
9
76
44
12
83
50
18
86
55
24
92
61
4
71
33
90
59
2
74
41
14
79
39
97
65
8
77
43
21
69
35
94
53
26
1
235
344
690
21
239
99
100
37
14
92
55
23
81
48
19
67
30
98
62
8
76
42
11
89
52
25
93
59
4
72
34
87
46
16
84
50
21
99
65
1
70
39
96
63
7
74
40
9
78
44
13
82
49
18
86
54
27
95
61
3
71
36
88
47
15
83
51
22
90
57
28
97
64
29
6
73
38
10
79
45
12
80
41
17
85
53
26
94
60
2
69
35
91
58
5
77
43
20
68
33
109
27
123
573
220
481
401
390
42
17
89
63
5
72
31
98
54
76
23
10
81
47
84
60
93
14
67
38
50
95
8
70
29
3
66
41
19
91
12
78
36
99
45
68
25
87
1
74
33
96
21
83
52
7
64
30
88
4
65
71
92
24
15
69
39
51
97
9
73
32
85
43
2
20
10
90
13
79
37
49
94
6
75
34
22
11
86
80
48
61
28
82
53
16
77
35
44
18
62
40
55
26
89
462
32
490
11
41 
14 
69 
30 
93 
51 
6 
87 
82 
19
49
16
51
83
92
23
71
64
32
98
85
37
19
62
56
97
28
87
46
10
54
70
94
67
9
21
53
82
30
45
17
58
91
39
69
27
84
74
12
43
80
63
11
90
76
38
22
42
96
25
6
36
86
52
77
4
99
14
5
81
47
20
79
89
57
95
18
41
60
65
34
73
13
50
33
93
61
29
88
40
72
44
26
68
15
78
35
75
59
48
42 
89 
17 
63
5 
74 
28 
10 
56 
3 
91 
68 
19 
82 
37 
50 
7 
95 
71 
23 
14 
48 
76 
60 
31 
99 
12 
78 
45 
26 
92 
67 
1 
55 
84 
41 
70 
47 
21 
75 
30 
93 
66 
2 
87 
58 
16 
52 
9 
80 
64 
24 
39 
85 
72 
34 
4 
77 
62 
88 
49 
13 
79 
29 
94 
6 
65 
54 
40 
73 
83 
20 
46 
27 
81 
69 
96 
11 
86 
57 
15 
51 
90 
61 
8 
97 
18 
22 
53 
59 
98 
43 
25 
74 
32 
35 
76 
100 
33 
57
28
93
44
11
42
75
36
49
84
19
67
31
54
89
22
64
7
98
73
87
46
40
81
15
25
52
91
3
70
60
38
96
10
78
63
45
13
51
17
82
58
85
27
95
5
62
72
34
88
47
16
80
48
20
68
37
99
66
9
76
44
12
83
50
18
86
55
24
92
61
4
71
33
90
59
2
74
41
14
79
39
97
65
8
77
43
21
69
35
94
53
26
1
235
344
690
21
239
99
100
37
14
92
55
23
81
48
19
67
30
98
62
8
76
42
11
89
52
25
93
59
4
72
34
87
46
16
84
50
21
99
65
1
70
39
96
63
7
74
40
9
78
44
13
82
49
18
86
54
27
95
61
3
71
36
88
47
15
83
51
22
90
57
28
97
64
29
6
73
38
10
79
45
12
80
41
17
85
53
26
94
60
2
69
35
91
58
5
77
43
20
68
33
109
27
123
573
220
481
401
390
42
17
89
63
5
72
31
98
54
76
23
10
81
47
84
60
93
14
67
38
50
95
8
70
29
3
66
41
19
91
12
78
36
99
45
68
25
87
1
74
33
96
21
83
52
7
64
30
88
4
65
71
92
24
15
69
39
51
97
9
73
32
85
43
2
20
10
90
13
79
37
49
94
6
75
34
22
11
86
80
48
61
28
82
53
16
77
35
44
18
62
40
55
26
89
462
32
490
11
41 
14 
69 
30 
93 
51 
6 
87 
82 
19
49
16
51
83
92
23
71
64
32
98
85
37
19
62
56
97
28
87
46
10
54
70
94
67
9
21
53
82
30
45
17
58
91
39
69
27
84
74
12
43
80
63
11
90
76
38
22
42
96
25
6
36
86
52
77
4
99
14
5
81
47
20
79
89
57
95
18
41
60
65
34
73
13
50
33
93
61
29
88
40
72
44
26
68
15
78
35
75
59
48
42 
89 
17 
63
5 
74 
28 
10 
56 
3 
91 
68 
19 
82 
37 
50 
7 
95 
71 
23 
14 
48 
76 
60 
31 
99 
12 
78 
45 
26 
92 
67 
1 
55 
84 
41 
70 
47 
21 
75 
30 
93 
66 
2 
87 
58 
16 
52 
9 
80 
64 
24 
39 
85 
72 
34 
4 
77 
62 
88 
49 
13 
79 
29 
94 
6 
65 
54 
40 
73 
83 
20 
46 
27 
81 
69 
96 
11 
86 
57 
15 
51 
90 
61 
8 
97 
18 
22 
53 
59 
98 
43 
25 
74 
32 
35 
76 
100 
33 
57
28
93
44
11
42
75
36
49
84
19
67
31
54
89
22
64
7
98
73
87
46
40
81
15
25
52
91
3
70
60
38
96
10
78
63
45
13
51
17
82
58
85
27
95
5
62
72
34
88
47
16
80
48
20
68
37
99
66
9
76
44
12
83
50
18
86
55
24
92
61
4
71
33
90
59
2
74
41
14
79
39
97
65
8
77
43
21
69
35
94
53
26
1
235
344
690
21
239
99
100
37
14
92
55
23
81
48
19
67
30
98
62
8
76
42
11
89
52
25
93
59
4
72
34
87
46
16
84
50
21
99
65
1
70
39
96
63
7
74
40
9
78
44
13
82
49
18
86
54
27
95
61
3
71
36
88
47
15
83
51
22
90
57
28
97
64
29
6
73
38
10
79
45
12
80
41
17
85
53
26
94
60
2
69
35
91
58
5
77
43
20
68
33
109
27
123
573
220
481
401
390
42
17
89
63
5
72
31
98
54
76
23
10
81
47
84
60
93
14
67
38
50
95
8
70
29
3
66
41
19
91
12
78
36
99
45
68
25
87
1
74
33
96
21
83
52
7
64
30
88
4
65
71
92
24
15
69
39
51
97
9
73
32
85
43
2
20
10
90
13
79
37
49
94
6
75
34
22
11
86
80
48
61
28
82
53
16
77
35
44
18
62
40
55
26
89
462
32
490
11
41 
14 
69 
30 
93 
51 
6 
87 
82 
19
49
16
51
83
92
23
71
64
32
98
85
37
19
62
56
97
28
87
46
10
54
70
94
67
9
21
53
82
30
45
17
58
91
39
69
27
84
74
12
43
80
63
11
90
76
38
22
42
96
25
6
36
86
52
77
4
99
14
5
81
47
20
79
89
57
95
18
41
60
65
34
73
13
50
33
93
61
29
88
40
72
44
7 
26
68
15
78
35
75
59
48
42 
89 
17 
63
5 
74 
28 
10 
56 
3 
91 
68 
19 
82 
37 
50 
95 
71 
23 
14 
48 
76 
60 
31 
99 
6 
12 
78 
45 
26 
92 
67 
1 
55 
84 
41 
70 
47 
21 
75 
30 
93 
66 
2 
87 
58 
16 
52 
9 
80 
64 
24 
39 
85 
72 
34 
4 
77 
62 
88 
49 
13 
79 
29 
94 
65 
54 
40 
73 
83 
20 
46 
27 
81 
69 
96 
11 
86 
78
57 
15 
51 
90 
61 
8 
97 
18 
22 
53 
59 
98 
43 
25 
74 
32 
35 
76 
100 
33 
57
28
93
44
11
42
75
36
49
84
19
67
31
54
89
22
64
7
98
73
87
46
40
81
15
25
52
91
3
70
60
38
96
10
63
45
13
51
17
82
58
85
27
95
5
50
62
72
34
88
47
16
80
48
20
68
37
99
66
9
76
44
12
83
50
18
86
55
24
92
61
4
71
33
90
59
2
74
41
14
79
39
97
65
8
77
43
21
69
35
94
53
26
1
235
344
690
21
239
99
100
37
14
92
55
23
81
48
19
67
30
98
62
8
76
42
11
89
52
25
93
59
4
72
34
87
46
16
6
84
21
99
65
1
70
39
96
63
7
74
40
9
78
44
13
82
49
18
86
54
27
95
61
3
71
36
88
47
15
83
51
22
90
57
28
97
64
29
73
38
10
79
45
12
80
41
17
85
53
26
94
60
2
69
35
91
58
5
41 
77
43
20
68
33
109
27
123
573
220
481
401
390
42
17
89
63
5
72
31
98
54
76
23
10
81
47
84
60
93
14
67
38
50
95
8
70
29
3
66
41
19
91
12
78
36
99
45
68
25
87
1
74
33
96
21
83
52
7
64
30
88
4
65
71
92
24
15
69
39
51
97
9
73
32
85
43
2
20
10
90
13
79
37
49
94
6
75
34
22
11
86
80
48
61
28
82
53
16
77
35
44
18
62
40
55
26
89
462
32
490
11
14 
69 
30 
93 
51 
6 
87 
82 
19
49
16
51
83
92
23
71
69
64
32
98
85
37
19
62
56
97
28
87
46
10
54
70
94
67
9
21
53
82
30
45
17
58
91
12
39
27
84
74
43
80
63
11
90
76
38
22
42
96
25
6
36
86
52
77
4
99
14
5
81
47
20
79
89
57
95
18
41
60
65
34
73
13
50
33
93
61
29
88
40
72
44
26
68
15
78
35
75
59
48

